Duration: 3251.035950899124
Loss_D: 0.9633760452270508
Loss_G: 2.924367666244507